0.000000000000000000e+00 0.000000000000000000e+00 0.000000000000000000e+00
1.766143493652343750e+02 8.533333333333333881e-01 8.533333333333333881e-01
1.763113098144531250e+02 7.517241379310344307e-01 7.517241379310344307e-01
1.723417968750000000e+02 7.681159420289854767e-01 7.681159420289854767e-01
1.039223003387451172e+01 5.955882352941176405e-01 5.955882352941176405e-01
6.242720127105712891e+00 5.725190839694656031e-01 5.725190839694656031e-01
3.121930503845214844e+01 9.593495934959349603e-01 9.593495934959349603e-01
8.293738365173339844e+00 7.454545454545454808e-01 7.454545454545454808e-01
1.869757461547851562e+01 9.391304347826087140e-01 9.391304347826087140e-01
2.407653617858886719e+01 8.771929824561403022e-01 8.771929824561403022e-01
3.686779785156250000e+01 1.076190476190476142e+00 1.076190476190476142e+00
2.146644020080566406e+01 1.153061224489795977e+00 1.153061224489795977e+00
1.707018852233886719e+01 1.000000000000000000e+00 1.000000000000000000e+00
1.782582550048828125e+02 1.322222222222222188e+00 1.322222222222222188e+00
1.199928665161132812e+02 1.377777777777777768e+00 1.377777777777777768e+00
1.168503723144531250e+02 1.471910112359550604e+00 1.471910112359550604e+00
1.134902267456054688e+02 1.568181818181818121e+00 1.568181818181818121e+00
1.158426513671875000e+02 1.744186046511627897e+00 1.744186046511627897e+00
1.092613906860351562e+02 1.822784810126582222e+00 1.822784810126582222e+00
1.187912216186523438e+02 1.625000000000000000e+00 1.625000000000000000e+00
