1.759473571777343750e+02 5.617977528089888040e-01 5.617977528089888040e-01
1.783180999755859375e+02 3.392857142857143016e-01 3.392857142857143016e-01
1.244391918182373047e+00 3.544303797468354444e-01 3.544303797468354444e-01
1.280935049057006836e+00 3.782051282051281937e-01 3.782051282051281937e-01
4.656481266021728516e+00 3.803680981595092270e-01 3.803680981595092270e-01
7.857292890548706055e-01 4.285714285714285476e-01 4.285714285714285476e-01
1.752960052490234375e+02 4.319526627218934767e-01 4.319526627218934767e-01
1.798469238281250000e+02 3.797468354430380000e-01 3.797468354430380000e-01
1.785433654785156250e+02 3.333333333333333148e-01 3.333333333333333148e-01
1.789336547851562500e+02 3.599999999999999867e-01 3.599999999999999867e-01
1.773945465087890625e+02 3.554216867469879304e-01 3.554216867469879304e-01
1.765129699707031250e+02 3.125000000000000000e-01 3.125000000000000000e-01
1.785676116943359375e+02 3.157894736842105088e-01 3.157894736842105088e-01
5.496302604675292969e+00 4.806629834254143585e-01 4.806629834254143585e-01
4.303782463073730469e+00 5.146198830409356439e-01 5.146198830409356439e-01
2.652393341064453125e+00 5.029585798816568198e-01 5.029585798816568198e-01
1.389502406120300293e+00 5.657142857142857251e-01 5.657142857142857251e-01
1.795372924804687500e+02 4.970414201183431802e-01 4.970414201183431802e-01
6.061453819274902344e+00 4.836601307189542509e-01 4.836601307189542509e-01
6.451304435729980469e+00 5.133333333333333082e-01 5.133333333333333082e-01
6.312960147857666016e+00 4.900662251655629187e-01 4.900662251655629187e-01
7.050691604614257812e+00 4.964539007092198530e-01 4.964539007092198530e-01
1.688652753829956055e+00 5.280000000000000249e-01 5.280000000000000249e-01
1.020225811004638672e+01 6.165413533834586124e-01 6.165413533834586124e-01
1.445557880401611328e+01 5.465838509316770510e-01 5.465838509316770510e-01
1.551512336730957031e+01 6.062499999999999556e-01 6.062499999999999556e-01
1.330762004852294922e+01 5.555555555555555802e-01 5.555555555555555802e-01
1.635281181335449219e+01 6.168831168831169220e-01 6.168831168831169220e-01
1.319062614440917969e+01 6.554054054054053724e-01 6.554054054054053724e-01
2.483151626586914062e+01 6.849315068493150305e-01 6.849315068493150305e-01
3.979026031494140625e+01 9.389312977099236734e-01 9.389312977099236734e-01
2.366062736511230469e+01 8.120300751879698797e-01 8.120300751879698797e-01
6.322818374633789062e+01 1.329268292682926900e+00 1.329268292682926900e+00
6.540434265136718750e+01 1.394736842105263053e+00 1.394736842105263053e+00
6.021082687377929688e+01 1.474358974358974450e+00 1.474358974358974450e+00
6.643342590332031250e+01 1.461538461538461453e+00 1.461538461538461453e+00
5.513613891601562500e+01 1.456790123456790154e+00 1.456790123456790154e+00
5.321600341796875000e+01 1.382978723404255428e+00 1.382978723404255428e+00
4.257487487792968750e+01 1.178947368421052522e+00 1.178947368421052522e+00
3.628020095825195312e+01 1.224719101123595610e+00 1.224719101123595610e+00
4.359365844726562500e+01 1.111111111111111160e+00 1.111111111111111160e+00
1.734101409912109375e+02 1.604651162790697638e+00 1.604651162790697638e+00
2.893982887268066406e+01 1.647058823529411686e+00 1.647058823529411686e+00
1.766143493652343750e+02 8.533333333333333881e-01 8.533333333333333881e-01
1.763113098144531250e+02 7.517241379310344307e-01 7.517241379310344307e-01
1.723417968750000000e+02 7.681159420289854767e-01 7.681159420289854767e-01
1.039223003387451172e+01 5.955882352941176405e-01 5.955882352941176405e-01
6.242720127105712891e+00 5.725190839694656031e-01 5.725190839694656031e-01
3.121930503845214844e+01 9.593495934959349603e-01 9.593495934959349603e-01
8.293738365173339844e+00 7.454545454545454808e-01 7.454545454545454808e-01
1.869757461547851562e+01 9.391304347826087140e-01 9.391304347826087140e-01
2.407653617858886719e+01 8.771929824561403022e-01 8.771929824561403022e-01
3.686779785156250000e+01 1.076190476190476142e+00 1.076190476190476142e+00
2.146644020080566406e+01 1.153061224489795977e+00 1.153061224489795977e+00
1.707018852233886719e+01 1.000000000000000000e+00 1.000000000000000000e+00
1.782582550048828125e+02 1.322222222222222188e+00 1.322222222222222188e+00
1.199928665161132812e+02 1.377777777777777768e+00 1.377777777777777768e+00
1.168503723144531250e+02 1.471910112359550604e+00 1.471910112359550604e+00
1.134902267456054688e+02 1.568181818181818121e+00 1.568181818181818121e+00
1.158426513671875000e+02 1.744186046511627897e+00 1.744186046511627897e+00
1.092613906860351562e+02 1.822784810126582222e+00 1.822784810126582222e+00
1.187912216186523438e+02 1.625000000000000000e+00 1.625000000000000000e+00

