0.000000000000000000e+00 0.000000000000000000e+00 0.000000000000000000e+00
1.389502406120300293e+00 5.657142857142857251e-01 5.657142857142857251e-01
1.795372924804687500e+02 4.970414201183431802e-01 4.970414201183431802e-01
6.061453819274902344e+00 4.836601307189542509e-01 4.836601307189542509e-01
6.451304435729980469e+00 5.133333333333333082e-01 5.133333333333333082e-01
6.312960147857666016e+00 4.900662251655629187e-01 4.900662251655629187e-01
7.050691604614257812e+00 4.964539007092198530e-01 4.964539007092198530e-01
1.688652753829956055e+00 5.280000000000000249e-01 5.280000000000000249e-01
1.020225811004638672e+01 6.165413533834586124e-01 6.165413533834586124e-01
1.445557880401611328e+01 5.465838509316770510e-01 5.465838509316770510e-01
1.551512336730957031e+01 6.062499999999999556e-01 6.062499999999999556e-01
1.330762004852294922e+01 5.555555555555555802e-01 5.555555555555555802e-01
1.635281181335449219e+01 6.168831168831169220e-01 6.168831168831169220e-01
1.319062614440917969e+01 6.554054054054053724e-01 6.554054054054053724e-01
2.483151626586914062e+01 6.849315068493150305e-01 6.849315068493150305e-01
3.979026031494140625e+01 9.389312977099236734e-01 9.389312977099236734e-01
2.366062736511230469e+01 8.120300751879698797e-01 8.120300751879698797e-01
6.322818374633789062e+01 1.329268292682926900e+00 1.329268292682926900e+00
6.540434265136718750e+01 1.394736842105263053e+00 1.394736842105263053e+00
6.021082687377929688e+01 1.474358974358974450e+00 1.474358974358974450e+00
6.643342590332031250e+01 1.461538461538461453e+00 1.461538461538461453e+00
5.513613891601562500e+01 1.456790123456790154e+00 1.456790123456790154e+00
5.321600341796875000e+01 1.382978723404255428e+00 1.382978723404255428e+00
4.257487487792968750e+01 1.178947368421052522e+00 1.178947368421052522e+00
3.628020095825195312e+01 1.224719101123595610e+00 1.224719101123595610e+00
4.359365844726562500e+01 1.111111111111111160e+00 1.111111111111111160e+00
1.734101409912109375e+02 1.604651162790697638e+00 1.604651162790697638e+00
2.893982887268066406e+01 1.647058823529411686e+00 1.647058823529411686e+00
