0.000000000000000000e+00 0.000000000000000000e+00 0.000000000000000000e+00
6.533037185668945312e+00 3.990147783251231650e-01 3.990147783251231650e-01
1.355860710144042969e+00 3.785310734463276927e-01 3.785310734463276927e-01
5.296248435974121094e+00 4.277108433734939652e-01 4.277108433734939652e-01
6.638825416564941406e+00 4.596273291925465632e-01 4.596273291925465632e-01
1.403135013580322266e+01 5.363128491620111626e-01 5.363128491620111626e-01
1.623777580261230469e+01 5.786163522012578442e-01 5.786163522012578442e-01
1.257463550567626953e+01 5.000000000000000000e-01 5.000000000000000000e-01
1.516536521911621094e+01 6.134969325153374342e-01 6.134969325153374342e-01
1.413767623901367188e+01 6.100628930817609819e-01 6.100628930817609819e-01
1.274308013916015625e+01 6.046511627906976383e-01 6.046511627906976383e-01
1.369565200805664062e+01 5.748502994011975842e-01 5.748502994011975842e-01
7.171775817871093750e+00 5.895953757225433911e-01 5.895953757225433911e-01
6.894392490386962891e+00 5.428571428571428159e-01 5.428571428571428159e-01
1.078769588470458984e+01 6.250000000000000000e-01 6.250000000000000000e-01
1.776670074462890625e+02 3.693181818181818232e-01 3.693181818181818232e-01
1.782464904785156250e+02 4.181818181818181546e-01 4.181818181818181546e-01
1.776280975341796875e+02 3.313253012048192891e-01 3.313253012048192891e-01
1.769001770019531250e+02 3.258426966292135019e-01 3.258426966292135019e-01
1.766105957031250000e+02 3.855421686746988152e-01 3.855421686746988152e-01
1.036315536499023438e+01 4.409937888198757761e-01 4.409937888198757761e-01
1.798238983154296875e+02 4.360465116279069742e-01 4.360465116279069742e-01
1.465914130210876465e+00 4.860335195530726127e-01 4.860335195530726127e-01
4.978550434112548828e+00 4.611111111111111382e-01 4.611111111111111382e-01
1.566827297210693359e+01 4.666666666666666741e-01 4.666666666666666741e-01
3.559973716735839844e+00 5.200000000000000178e-01 5.200000000000000178e-01
1.487461853027343750e+01 4.602272727272727071e-01 4.602272727272727071e-01
8.646204948425292969e+00 4.350282485875706096e-01 4.350282485875706096e-01
6.490972995758056641e+00 4.311377245508982159e-01 4.311377245508982159e-01
8.551752090454101562e+00 4.619883040935672258e-01 4.619883040935672258e-01
6.145817637443542480e-01 4.036144578313253239e-01 4.036144578313253239e-01
2.160111427307128906e+00 3.876404494382022503e-01 3.876404494382022503e-01
1.107677102088928223e+00 3.293413173652694481e-01 3.293413173652694481e-01
5.184321403503417969e-01 3.333333333333333148e-01 3.333333333333333148e-01
1.798939208984375000e+02 3.478260869565217295e-01 3.478260869565217295e-01
2.340063095092773438e+00 3.313609467455621571e-01 3.313609467455621571e-01
3.041051149368286133e+00 3.456790123456789932e-01 3.456790123456789932e-01
5.649455070495605469e+00 3.652694610778443041e-01 3.652694610778443041e-01
5.569936752319335938e+00 3.786982248520709970e-01 3.786982248520709970e-01
6.468197822570800781e+00 3.952095808383233599e-01 3.952095808383233599e-01
6.266375064849853516e+00 3.735632183908045856e-01 3.735632183908045856e-01
5.326230049133300781e+00 3.786982248520709970e-01 3.786982248520709970e-01
1.798379058837890625e+02 3.687500000000000222e-01 3.687500000000000222e-01
1.750007510185241699e+00 3.502824858757062065e-01 3.502824858757062065e-01
2.234270811080932617e+00 3.690476190476190688e-01 3.690476190476190688e-01
5.891059637069702148e-01 3.719512195121951192e-01 3.719512195121951192e-01
1.768460540771484375e+02 3.222222222222222432e-01 3.222222222222222432e-01
3.809396922588348389e-01 3.641618497109826436e-01 3.641618497109826436e-01
3.646724820137023926e-01 3.662790697674418450e-01 3.662790697674418450e-01
2.047410726547241211e+00 3.823529411764705621e-01 3.823529411764705621e-01
1.626167297363281250e+00 3.625730994152046582e-01 3.625730994152046582e-01
9.775382995605468750e+00 4.147727272727272929e-01 4.147727272727272929e-01
7.524050235748291016e+00 4.571428571428571286e-01 4.571428571428571286e-01
8.932130813598632812e+00 4.852071005917159563e-01 4.852071005917159563e-01
1.116024971008300781e+01 5.202312138728323321e-01 5.202312138728323321e-01
1.046299934387207031e+01 5.147928994082839882e-01 5.147928994082839882e-01
7.798829555511474609e+00 4.855491329479768581e-01 4.855491329479768581e-01
9.449075698852539062e+00 4.327485380116958824e-01 4.327485380116958824e-01
4.753098011016845703e+00 4.011627906976744096e-01 4.011627906976744096e-01
2.211426496505737305e+00 3.450292397660818522e-01 3.450292397660818522e-01
2.070216178894042969e+00 3.636363636363636465e-01 3.636363636363636465e-01
9.586390256881713867e-01 3.536585365853658347e-01 3.536585365853658347e-01
1.789526824951171875e+02 3.614457831325301185e-01 3.614457831325301185e-01
1.718560338020324707e+00 3.727810650887574129e-01 3.727810650887574129e-01
1.792069854736328125e+02 4.304635761589403753e-01 4.304635761589403753e-01
1.764054260253906250e+02 4.503311258278145934e-01 4.503311258278145934e-01
1.777362518310546875e+02 4.023668639053254448e-01 4.023668639053254448e-01
1.746161956787109375e+02 4.268292682926829174e-01 4.268292682926829174e-01
1.764776000976562500e+02 4.046242774566474187e-01 4.046242774566474187e-01
1.766453704833984375e+02 4.023668639053254448e-01 4.023668639053254448e-01
1.760253448486328125e+02 6.170212765957446832e-01 6.170212765957446832e-01
3.740661621093750000e+00 3.798882681564245689e-01 3.798882681564245689e-01
1.795064697265625000e+02 3.928571428571428492e-01 3.928571428571428492e-01
1.799806671142578125e+02 3.882352941176470673e-01 3.882352941176470673e-01
1.347237229347229004e+00 5.114503816793892765e-01 5.114503816793892765e-01
1.352879643440246582e+00 3.734939759036144391e-01 3.734939759036144391e-01
1.703153076171875000e+02 5.555555555555555802e-01 5.555555555555555802e-01
4.525226116180419922e+00 4.961240310077519311e-01 4.961240310077519311e-01
3.118342638015747070e+00 4.511278195488721554e-01 4.511278195488721554e-01
4.139593601226806641e+00 3.827160493827160281e-01 3.827160493827160281e-01
2.066953420639038086e+00 3.696969696969696906e-01 3.696969696969696906e-01
4.989989280700683594e+00 3.719512195121951192e-01 3.719512195121951192e-01
3.080595254898071289e+00 3.614457831325301185e-01 3.614457831325301185e-01
6.112407207489013672e+00 3.571428571428571508e-01 3.571428571428571508e-01
4.321380138397216797e+00 3.734177215189873333e-01 3.734177215189873333e-01
8.029166221618652344e+00 3.222222222222222432e-01 3.222222222222222432e-01
8.301492691040039062e+00 3.508771929824561209e-01 3.508771929824561209e-01
1.083919715881347656e+01 3.620689655172413812e-01 3.620689655172413812e-01
1.157573318481445312e+01 4.228187919463087252e-01 4.228187919463087252e-01
8.420163154602050781e+00 3.899371069182390181e-01 3.899371069182390181e-01
1.525452995300292969e+01 5.754716981132075304e-01 5.754716981132075304e-01
8.784399986267089844e+00 3.558282208588957052e-01 3.558282208588957052e-01
7.841642856597900391e+00 3.716216216216216006e-01 3.716216216216216006e-01
9.714823722839355469e+00 4.276729559748427834e-01 4.276729559748427834e-01
4.188619613647460938e+00 3.533333333333333326e-01 3.533333333333333326e-01
1.097038745880126953e+01 4.161490683229813747e-01 4.161490683229813747e-01
6.431715965270996094e+00 4.121212121212121104e-01 4.121212121212121104e-01
4.669816970825195312e+00 3.712574850299401041e-01 3.712574850299401041e-01
6.101539611816406250e+00 4.487179487179487336e-01 4.487179487179487336e-01
3.422371387481689453e+00 3.801169590643274643e-01 3.801169590643274643e-01
4.891875267028808594e+00 4.090909090909091161e-01 4.090909090909091161e-01
4.515021324157714844e+00 4.000000000000000222e-01 4.000000000000000222e-01
4.513869762420654297e+00 4.709677419354838523e-01 4.709677419354838523e-01
6.501180648803710938e+00 4.539877300613496813e-01 4.539877300613496813e-01
3.960432767868041992e+00 4.451219512195122019e-01 4.451219512195122019e-01
5.653410911560058594e+00 4.585987261146496907e-01 4.585987261146496907e-01
6.140832901000976562e+00 4.303030303030302983e-01 4.303030303030302983e-01
6.864908695220947266e+00 3.908045977011494476e-01 3.908045977011494476e-01
4.002917289733886719e+00 3.823529411764705621e-01 3.823529411764705621e-01
6.562724590301513672e+00 4.171779141104294264e-01 4.171779141104294264e-01
7.956293821334838867e-01 5.078125000000000000e-01 5.078125000000000000e-01
3.538867235183715820e+00 4.074074074074073848e-01 4.074074074074073848e-01
4.557446479797363281e+00 5.777777777777777235e-01 5.777777777777777235e-01
2.658154010772705078e+00 4.037267080745341463e-01 4.037267080745341463e-01
4.393141746520996094e+00 4.071856287425149601e-01 4.071856287425149601e-01
1.139716029167175293e+00 5.000000000000000000e-01 5.000000000000000000e-01
1.798098754882812500e+02 4.012345679012345734e-01 4.012345679012345734e-01
1.795855102539062500e+02 3.779069767441860517e-01 3.779069767441860517e-01
1.788892211914062500e+02 6.565656565656565746e-01 6.565656565656565746e-01
1.745743255615234375e+02 5.203252032520325754e-01 5.203252032520325754e-01
1.772512359619140625e+02 6.262626262626262985e-01 6.262626262626262985e-01
1.799781951904296875e+02 3.772455089820359042e-01 3.772455089820359042e-01
3.297819614410400391e+00 4.485294117647058987e-01 4.485294117647058987e-01
1.942999720573425293e+00 3.546511627906976938e-01 3.546511627906976938e-01
1.419251412153244019e-01 4.558823529411764608e-01 4.558823529411764608e-01
9.521951079368591309e-01 5.462962962962962798e-01 5.462962962962962798e-01
1.793350524902343750e+02 3.275862068965517127e-01 3.275862068965517127e-01
1.768470611572265625e+02 4.471544715447154372e-01 4.471544715447154372e-01
1.781141204833984375e+02 4.000000000000000222e-01 4.000000000000000222e-01
1.736160888671875000e+02 3.559322033898305038e-01 3.559322033898305038e-01
1.756272277832031250e+02 3.291925465838509424e-01 3.291925465838509424e-01
1.799826507568359375e+02 2.980132450331126059e-01 2.980132450331126059e-01
1.793110504150390625e+02 3.636363636363636465e-01 3.636363636363636465e-01
1.754823760986328125e+02 3.571428571428571508e-01 3.571428571428571508e-01
7.998034954071044922e-01 3.724137931034482984e-01 3.724137931034482984e-01
1.431333422660827637e+00 3.513513513513513709e-01 3.513513513513513709e-01
4.819498062133789062e-01 3.475177304964539027e-01 3.475177304964539027e-01
1.767319946289062500e+02 2.901234567901234684e-01 2.901234567901234684e-01
1.760657806396484375e+02 3.355263157894736725e-01 3.355263157894736725e-01
1.787097778320312500e+02 2.865853658536585136e-01 2.865853658536585136e-01
1.758529052734375000e+02 2.987804878048780366e-01 2.987804878048780366e-01
1.786209716796875000e+02 3.071895424836601496e-01 3.071895424836601496e-01
1.757443237304687500e+02 2.951807228915662717e-01 2.951807228915662717e-01
1.736370239257812500e+02 3.521126760563380031e-01 3.521126760563380031e-01
1.779078521728515625e+02 3.291139240506328889e-01 3.291139240506328889e-01
1.752193450927734375e+02 3.132530120481927804e-01 3.132530120481927804e-01
1.780924987792968750e+02 3.086419753086419582e-01 3.086419753086419582e-01
1.780103912353515625e+02 3.291139240506328889e-01 3.291139240506328889e-01
1.783214721679687500e+02 3.333333333333333148e-01 3.333333333333333148e-01
1.796571960449218750e+02 3.483870967741935498e-01 3.483870967741935498e-01
2.693214178085327148e+00 3.269230769230769273e-01 3.269230769230769273e-01
5.700643062591552734e+00 3.571428571428571508e-01 3.571428571428571508e-01
5.039513111114501953e+00 3.489932885906040227e-01 3.489932885906040227e-01
9.954863548278808594e+00 4.333333333333333481e-01 4.333333333333333481e-01
8.232438087463378906e+00 3.506493506493506551e-01 3.506493506493506551e-01
1.406459331512451172e+01 3.743315508021390348e-01 3.743315508021390348e-01
1.210648250579833984e+01 3.485714285714285876e-01 3.485714285714285876e-01
1.135309791564941406e+01 3.502824858757062065e-01 3.502824858757062065e-01
1.594815635681152344e+01 3.641618497109826436e-01 3.641618497109826436e-01
1.588147354125976562e+01 4.251497005988024158e-01 4.251497005988024158e-01
1.467491054534912109e+01 3.988095238095238360e-01 3.988095238095238360e-01
6.931079864501953125e+00 3.395061728395061817e-01 3.395061728395061817e-01
4.971739768981933594e+00 3.437500000000000000e-01 3.437500000000000000e-01
5.831247329711914062e+00 3.353658536585366057e-01 3.353658536585366057e-01
5.740551471710205078e+00 3.765432098765432167e-01 3.765432098765432167e-01
7.039875507354736328e+00 3.795180722891566272e-01 3.795180722891566272e-01
5.265403270721435547e+00 3.869047619047619180e-01 3.869047619047619180e-01
1.115348434448242188e+01 4.642857142857143016e-01 4.642857142857143016e-01
1.229740905761718750e+01 4.523809523809523836e-01 4.523809523809523836e-01
1.610355949401855469e+01 5.276073619631901357e-01 5.276073619631901357e-01
1.872276306152343750e+01 5.818181818181817899e-01 5.818181818181817899e-01
2.005045318603515625e+01 6.149068322981366963e-01 6.149068322981366963e-01
2.013083648681640625e+01 6.335403726708074279e-01 6.335403726708074279e-01
1.698183441162109375e+01 6.437500000000000444e-01 6.437500000000000444e-01
9.729708671569824219e+00 4.848484848484848619e-01 4.848484848484848619e-01
1.953765988349914551e+00 3.894736842105263053e-01 3.894736842105263053e-01
4.400306701660156250e+00 3.620689655172413812e-01 3.620689655172413812e-01
4.752819061279296875e+00 3.202247191011236005e-01 3.202247191011236005e-01
2.410586357116699219e+00 3.294117647058823484e-01 3.294117647058823484e-01
1.976612448692321777e+00 2.967032967032967039e-01 2.967032967032967039e-01
2.233810186386108398e+00 3.452380952380952328e-01 3.452380952380952328e-01
4.318241596221923828e+00 3.710691823899370800e-01 3.710691823899370800e-01
7.445941925048828125e+00 4.078947368421052544e-01 4.078947368421052544e-01
1.155638599395751953e+01 4.139784946236559349e-01 4.139784946236559349e-01
1.120756721496582031e+01 4.033149171270718480e-01 4.033149171270718480e-01
1.247969913482666016e+01 4.171122994652406435e-01 4.171122994652406435e-01
1.188187026977539062e+01 4.207650273224043946e-01 4.207650273224043946e-01
1.205751895904541016e+01 4.408602150537634379e-01 4.408602150537634379e-01
1.072869873046875000e+01 4.175824175824175977e-01 4.175824175824175977e-01
6.260777473449707031e+00 3.858695652173912971e-01 3.858695652173912971e-01
5.320731163024902344e+00 3.591160220994475405e-01 3.591160220994475405e-01
4.044580936431884766e+00 3.505747126436781769e-01 3.505747126436781769e-01
4.142479896545410156e+00 3.555555555555555691e-01 3.555555555555555691e-01
3.261803865432739258e+00 3.425414364640884113e-01 3.425414364640884113e-01
1.799725646972656250e+02 3.107344632768361814e-01 3.107344632768361814e-01
6.776994466781616211e-01 3.218390804597701105e-01 3.218390804597701105e-01
1.793496856689453125e+02 6.047619047619047228e-01 6.047619047619047228e-01
2.800029039382934570e+00 3.798076923076922906e-01 3.798076923076922906e-01
5.516578674316406250e+00 4.114583333333333148e-01 4.114583333333333148e-01
4.883625984191894531e+00 4.285714285714285476e-01 4.285714285714285476e-01
5.322228908538818359e+00 4.402173913043478382e-01 4.402173913043478382e-01
6.496472358703613281e+00 4.400000000000000022e-01 4.400000000000000022e-01
5.264532566070556641e+00 4.137931034482758563e-01 4.137931034482758563e-01
7.219732284545898438e+00 4.909090909090909061e-01 4.909090909090909061e-01
6.917231082916259766e+00 4.785276073619632031e-01 4.785276073619632031e-01
8.023968696594238281e+00 4.969325153374233306e-01 4.969325153374233306e-01
4.636620044708251953e+00 4.807692307692307820e-01 4.807692307692307820e-01
7.718628883361816406e+00 4.937500000000000222e-01 4.937500000000000222e-01
6.325053215026855469e+00 4.936708860759493889e-01 4.936708860759493889e-01
7.992035865783691406e+00 5.209580838323353280e-01 5.209580838323353280e-01
1.953904509544372559e+00 5.067567567567567988e-01 5.067567567567567988e-01
2.316274404525756836e+00 4.556962025316455556e-01 4.556962025316455556e-01
8.278066635131835938e+00 5.877192982456140857e-01 5.877192982456140857e-01
1.742728118896484375e+02 5.089285714285713969e-01 5.089285714285713969e-01
4.699086189270019531e+00 5.419847328244274953e-01 5.419847328244274953e-01
1.770023498535156250e+02 5.203252032520325754e-01 5.203252032520325754e-01
1.799474029541015625e+02 5.688073394495413160e-01 5.688073394495413160e-01
2.083760499954223633e+00 5.073529411764705621e-01 5.073529411764705621e-01
1.789931335449218750e+02 5.948275862068965747e-01 5.948275862068965747e-01
1.743130340576171875e+02 6.116504854368931543e-01 6.116504854368931543e-01
2.003967046737670898e+00 5.663716814159291957e-01 5.663716814159291957e-01
1.743243713378906250e+02 6.105263157894736947e-01 6.105263157894736947e-01
1.208253145217895508e+00 5.769230769230768718e-01 5.769230769230768718e-01
1.769737243652343750e+02 5.882352941176470784e-01 5.882352941176470784e-01
8.148097038269042969e+00 5.612244897959183243e-01 5.612244897959183243e-01
6.245682239532470703e+00 5.392156862745097756e-01 5.392156862745097756e-01
1.698067932128906250e+02 4.700854700854700807e-01 4.700854700854700807e-01
1.698421630859375000e+02 5.378151260504201447e-01 5.378151260504201447e-01
6.096034049987792969e+00 5.214285714285714635e-01 5.214285714285714635e-01
1.749369812011718750e+01 6.363636363636363535e-01 6.363636363636363535e-01
1.144727230072021484e+00 4.000000000000000222e-01 4.000000000000000222e-01
8.826295852661132812e+00 3.684210526315789269e-01 3.684210526315789269e-01
1.273086357116699219e+01 5.177304964539006793e-01 5.177304964539006793e-01
2.836585998535156250e+00 6.106194690265486225e-01 6.106194690265486225e-01
3.757498502731323242e+00 3.274336283185840801e-01 3.274336283185840801e-01
1.748727416992187500e+02 5.632183908045976795e-01 5.632183908045976795e-01
1.792111663818359375e+02 4.285714285714285476e-01 4.285714285714285476e-01
1.770760192871093750e+02 4.727272727272727182e-01 4.727272727272727182e-01
3.241401910781860352e+00 3.416666666666666741e-01 3.416666666666666741e-01
3.943026781082153320e+00 3.675213675213675479e-01 3.675213675213675479e-01
3.271925449371337891e-01 4.640000000000000235e-01 4.640000000000000235e-01
4.272579669952392578e+00 4.159999999999999809e-01 4.159999999999999809e-01
1.787094421386718750e+02 5.526315789473684736e-01 5.526315789473684736e-01
1.771879425048828125e+02 5.350877192982456121e-01 5.350877192982456121e-01
1.723463439941406250e+02 4.411764705882352811e-01 4.411764705882352811e-01
1.758148803710937500e+02 4.836065573770491621e-01 4.836065573770491621e-01
4.826435148715972900e-01 3.673469387755102233e-01 3.673469387755102233e-01
2.398386240005493164e+00 4.435483870967741882e-01 4.435483870967741882e-01
1.170307636260986328e+01 4.715447154471544833e-01 4.715447154471544833e-01
9.113501548767089844e+00 4.129032258064516125e-01 4.129032258064516125e-01
1.885818290710449219e+01 6.020408163265306145e-01 6.020408163265306145e-01
1.004280948638916016e+01 4.269662921348314488e-01 4.269662921348314488e-01
2.288223457336425781e+01 5.784313725490196623e-01 5.784313725490196623e-01
1.355903053283691406e+01 4.728682170542635732e-01 4.728682170542635732e-01
1.579327106475830078e+01 4.779411764705882582e-01 4.779411764705882582e-01
1.259128570556640625e+01 4.233128834355828207e-01 4.233128834355828207e-01
1.160999679565429688e+01 4.969325153374233306e-01 4.969325153374233306e-01
1.419868278503417969e+01 4.347826086956521618e-01 4.347826086956521618e-01
1.353882408142089844e+01 4.491017964071856161e-01 4.491017964071856161e-01
8.315843939781188965e-01 5.260115606936416333e-01 5.260115606936416333e-01
9.615369796752929688e+00 3.863636363636363535e-01 3.863636363636363535e-01
1.015786933898925781e+01 3.707865168539326017e-01 3.707865168539326017e-01
1.736872792243957520e+00 3.641025641025640858e-01 3.641025641025640858e-01
3.693466663360595703e+00 3.645833333333333148e-01 3.645833333333333148e-01
2.551706314086914062e+00 3.678756476683937571e-01 3.678756476683937571e-01
8.270956039428710938e+00 4.868421052631579093e-01 4.868421052631579093e-01
1.146570873260498047e+01 4.640522875816993631e-01 4.640522875816993631e-01
6.969127655029296875e-01 5.167785234899329172e-01 5.167785234899329172e-01
2.933752059936523438e+00 5.000000000000000000e-01 5.000000000000000000e-01
1.359789013862609863e+00 5.095541401273885329e-01 5.095541401273885329e-01
9.842217445373535156e+00 5.095541401273885329e-01 5.095541401273885329e-01
1.894832253456115723e+00 5.350318471337579540e-01 5.350318471337579540e-01
5.107295513153076172e+00 5.283018867924528239e-01 5.283018867924528239e-01
5.426290035247802734e+00 5.276073619631901357e-01 5.276073619631901357e-01
2.746029615402221680e+00 5.147928994082839882e-01 5.147928994082839882e-01
1.762277984619140625e+02 5.290697674418605168e-01 5.290697674418605168e-01
3.561407089233398438e+00 4.364640883977900510e-01 4.364640883977900510e-01
1.789880981445312500e+02 4.670050761421319918e-01 4.670050761421319918e-01
1.723406524658203125e+02 4.822335025380710682e-01 4.822335025380710682e-01
1.727325592041015625e+02 4.646464646464646409e-01 4.646464646464646409e-01
1.727364807128906250e+02 4.600000000000000200e-01 4.600000000000000200e-01
1.729539031982421875e+02 5.129533678756477144e-01 5.129533678756477144e-01
1.760970611572265625e+02 5.103092783505154273e-01 5.103092783505154273e-01

