0.000000000000000000e+00 0.000000000000000000e+00 0.000000000000000000e+00
1.793496856689453125e+02 6.047619047619047228e-01 6.047619047619047228e-01
2.800029039382934570e+00 3.798076923076922906e-01 3.798076923076922906e-01
5.516578674316406250e+00 4.114583333333333148e-01 4.114583333333333148e-01
4.883625984191894531e+00 4.285714285714285476e-01 4.285714285714285476e-01
5.322228908538818359e+00 4.402173913043478382e-01 4.402173913043478382e-01
6.496472358703613281e+00 4.400000000000000022e-01 4.400000000000000022e-01
5.264532566070556641e+00 4.137931034482758563e-01 4.137931034482758563e-01
7.219732284545898438e+00 4.909090909090909061e-01 4.909090909090909061e-01
6.917231082916259766e+00 4.785276073619632031e-01 4.785276073619632031e-01
8.023968696594238281e+00 4.969325153374233306e-01 4.969325153374233306e-01
4.636620044708251953e+00 4.807692307692307820e-01 4.807692307692307820e-01
7.718628883361816406e+00 4.937500000000000222e-01 4.937500000000000222e-01
6.325053215026855469e+00 4.936708860759493889e-01 4.936708860759493889e-01
7.992035865783691406e+00 5.209580838323353280e-01 5.209580838323353280e-01
1.953904509544372559e+00 5.067567567567567988e-01 5.067567567567567988e-01
2.316274404525756836e+00 4.556962025316455556e-01 4.556962025316455556e-01
8.278066635131835938e+00 5.877192982456140857e-01 5.877192982456140857e-01
1.742728118896484375e+02 5.089285714285713969e-01 5.089285714285713969e-01
4.699086189270019531e+00 5.419847328244274953e-01 5.419847328244274953e-01
1.770023498535156250e+02 5.203252032520325754e-01 5.203252032520325754e-01
1.799474029541015625e+02 5.688073394495413160e-01 5.688073394495413160e-01
2.083760499954223633e+00 5.073529411764705621e-01 5.073529411764705621e-01
1.789931335449218750e+02 5.948275862068965747e-01 5.948275862068965747e-01
1.743130340576171875e+02 6.116504854368931543e-01 6.116504854368931543e-01
2.003967046737670898e+00 5.663716814159291957e-01 5.663716814159291957e-01
1.743243713378906250e+02 6.105263157894736947e-01 6.105263157894736947e-01
1.208253145217895508e+00 5.769230769230768718e-01 5.769230769230768718e-01
1.769737243652343750e+02 5.882352941176470784e-01 5.882352941176470784e-01
8.148097038269042969e+00 5.612244897959183243e-01 5.612244897959183243e-01
6.245682239532470703e+00 5.392156862745097756e-01 5.392156862745097756e-01
1.698067932128906250e+02 4.700854700854700807e-01 4.700854700854700807e-01
1.698421630859375000e+02 5.378151260504201447e-01 5.378151260504201447e-01
6.096034049987792969e+00 5.214285714285714635e-01 5.214285714285714635e-01
1.749369812011718750e+01 6.363636363636363535e-01 6.363636363636363535e-01
1.144727230072021484e+00 4.000000000000000222e-01 4.000000000000000222e-01
8.826295852661132812e+00 3.684210526315789269e-01 3.684210526315789269e-01
1.273086357116699219e+01 5.177304964539006793e-01 5.177304964539006793e-01
2.836585998535156250e+00 6.106194690265486225e-01 6.106194690265486225e-01
3.757498502731323242e+00 3.274336283185840801e-01 3.274336283185840801e-01
1.748727416992187500e+02 5.632183908045976795e-01 5.632183908045976795e-01
1.792111663818359375e+02 4.285714285714285476e-01 4.285714285714285476e-01
1.770760192871093750e+02 4.727272727272727182e-01 4.727272727272727182e-01
3.241401910781860352e+00 3.416666666666666741e-01 3.416666666666666741e-01
3.943026781082153320e+00 3.675213675213675479e-01 3.675213675213675479e-01
3.271925449371337891e-01 4.640000000000000235e-01 4.640000000000000235e-01
4.272579669952392578e+00 4.159999999999999809e-01 4.159999999999999809e-01
1.787094421386718750e+02 5.526315789473684736e-01 5.526315789473684736e-01
1.771879425048828125e+02 5.350877192982456121e-01 5.350877192982456121e-01
1.723463439941406250e+02 4.411764705882352811e-01 4.411764705882352811e-01
1.758148803710937500e+02 4.836065573770491621e-01 4.836065573770491621e-01
4.826435148715972900e-01 3.673469387755102233e-01 3.673469387755102233e-01
2.398386240005493164e+00 4.435483870967741882e-01 4.435483870967741882e-01
1.170307636260986328e+01 4.715447154471544833e-01 4.715447154471544833e-01
9.113501548767089844e+00 4.129032258064516125e-01 4.129032258064516125e-01
1.885818290710449219e+01 6.020408163265306145e-01 6.020408163265306145e-01
1.004280948638916016e+01 4.269662921348314488e-01 4.269662921348314488e-01
2.288223457336425781e+01 5.784313725490196623e-01 5.784313725490196623e-01
1.355903053283691406e+01 4.728682170542635732e-01 4.728682170542635732e-01
1.579327106475830078e+01 4.779411764705882582e-01 4.779411764705882582e-01
1.259128570556640625e+01 4.233128834355828207e-01 4.233128834355828207e-01
1.160999679565429688e+01 4.969325153374233306e-01 4.969325153374233306e-01
1.419868278503417969e+01 4.347826086956521618e-01 4.347826086956521618e-01
1.353882408142089844e+01 4.491017964071856161e-01 4.491017964071856161e-01
8.315843939781188965e-01 5.260115606936416333e-01 5.260115606936416333e-01
9.615369796752929688e+00 3.863636363636363535e-01 3.863636363636363535e-01
1.015786933898925781e+01 3.707865168539326017e-01 3.707865168539326017e-01
1.736872792243957520e+00 3.641025641025640858e-01 3.641025641025640858e-01
3.693466663360595703e+00 3.645833333333333148e-01 3.645833333333333148e-01
2.551706314086914062e+00 3.678756476683937571e-01 3.678756476683937571e-01
8.270956039428710938e+00 4.868421052631579093e-01 4.868421052631579093e-01
1.146570873260498047e+01 4.640522875816993631e-01 4.640522875816993631e-01
6.969127655029296875e-01 5.167785234899329172e-01 5.167785234899329172e-01
2.933752059936523438e+00 5.000000000000000000e-01 5.000000000000000000e-01
1.359789013862609863e+00 5.095541401273885329e-01 5.095541401273885329e-01
9.842217445373535156e+00 5.095541401273885329e-01 5.095541401273885329e-01
1.894832253456115723e+00 5.350318471337579540e-01 5.350318471337579540e-01
5.107295513153076172e+00 5.283018867924528239e-01 5.283018867924528239e-01
5.426290035247802734e+00 5.276073619631901357e-01 5.276073619631901357e-01
2.746029615402221680e+00 5.147928994082839882e-01 5.147928994082839882e-01
1.762277984619140625e+02 5.290697674418605168e-01 5.290697674418605168e-01
3.561407089233398438e+00 4.364640883977900510e-01 4.364640883977900510e-01
1.789880981445312500e+02 4.670050761421319918e-01 4.670050761421319918e-01
1.723406524658203125e+02 4.822335025380710682e-01 4.822335025380710682e-01
1.727325592041015625e+02 4.646464646464646409e-01 4.646464646464646409e-01
1.727364807128906250e+02 4.600000000000000200e-01 4.600000000000000200e-01
1.729539031982421875e+02 5.129533678756477144e-01 5.129533678756477144e-01
1.760970611572265625e+02 5.103092783505154273e-01 5.103092783505154273e-01
