0.000000000000000000e+00 0.000000000000000000e+00 0.000000000000000000e+00
1.406459331512451172e+01 3.743315508021390348e-01 3.743315508021390348e-01
1.210648250579833984e+01 3.485714285714285876e-01 3.485714285714285876e-01
1.135309791564941406e+01 3.502824858757062065e-01 3.502824858757062065e-01
1.594815635681152344e+01 3.641618497109826436e-01 3.641618497109826436e-01
1.588147354125976562e+01 4.251497005988024158e-01 4.251497005988024158e-01
1.467491054534912109e+01 3.988095238095238360e-01 3.988095238095238360e-01
6.931079864501953125e+00 3.395061728395061817e-01 3.395061728395061817e-01
4.971739768981933594e+00 3.437500000000000000e-01 3.437500000000000000e-01
5.831247329711914062e+00 3.353658536585366057e-01 3.353658536585366057e-01
5.740551471710205078e+00 3.765432098765432167e-01 3.765432098765432167e-01
7.039875507354736328e+00 3.795180722891566272e-01 3.795180722891566272e-01
5.265403270721435547e+00 3.869047619047619180e-01 3.869047619047619180e-01
1.115348434448242188e+01 4.642857142857143016e-01 4.642857142857143016e-01
1.229740905761718750e+01 4.523809523809523836e-01 4.523809523809523836e-01
1.610355949401855469e+01 5.276073619631901357e-01 5.276073619631901357e-01
1.872276306152343750e+01 5.818181818181817899e-01 5.818181818181817899e-01
2.005045318603515625e+01 6.149068322981366963e-01 6.149068322981366963e-01
2.013083648681640625e+01 6.335403726708074279e-01 6.335403726708074279e-01
1.698183441162109375e+01 6.437500000000000444e-01 6.437500000000000444e-01
9.729708671569824219e+00 4.848484848484848619e-01 4.848484848484848619e-01
1.953765988349914551e+00 3.894736842105263053e-01 3.894736842105263053e-01
4.400306701660156250e+00 3.620689655172413812e-01 3.620689655172413812e-01
4.752819061279296875e+00 3.202247191011236005e-01 3.202247191011236005e-01
2.410586357116699219e+00 3.294117647058823484e-01 3.294117647058823484e-01
1.976612448692321777e+00 2.967032967032967039e-01 2.967032967032967039e-01
2.233810186386108398e+00 3.452380952380952328e-01 3.452380952380952328e-01
4.318241596221923828e+00 3.710691823899370800e-01 3.710691823899370800e-01
7.445941925048828125e+00 4.078947368421052544e-01 4.078947368421052544e-01
1.155638599395751953e+01 4.139784946236559349e-01 4.139784946236559349e-01
1.120756721496582031e+01 4.033149171270718480e-01 4.033149171270718480e-01
1.247969913482666016e+01 4.171122994652406435e-01 4.171122994652406435e-01
1.188187026977539062e+01 4.207650273224043946e-01 4.207650273224043946e-01
1.205751895904541016e+01 4.408602150537634379e-01 4.408602150537634379e-01
1.072869873046875000e+01 4.175824175824175977e-01 4.175824175824175977e-01
6.260777473449707031e+00 3.858695652173912971e-01 3.858695652173912971e-01
5.320731163024902344e+00 3.591160220994475405e-01 3.591160220994475405e-01
4.044580936431884766e+00 3.505747126436781769e-01 3.505747126436781769e-01
4.142479896545410156e+00 3.555555555555555691e-01 3.555555555555555691e-01
3.261803865432739258e+00 3.425414364640884113e-01 3.425414364640884113e-01
1.799725646972656250e+02 3.107344632768361814e-01 3.107344632768361814e-01
6.776994466781616211e-01 3.218390804597701105e-01 3.218390804597701105e-01
